test_iter: 191
test_interval: 143
base_lr: 0.00999999977648
display: 17
max_iter: 4290
lr_policy: "step"
gamma: 0.10000000149
momentum: 0.899999976158
weight_decay: 9.99999974738e-05
stepsize: 1416
snapshot: 143
snapshot_prefix: "snapshot"
solver_mode: GPU
net: "train_val.prototxt"
solver_type: SGD
